import tensorflow as tf
string = tf.Variable("this is a string", tf.string)
number = tf.Variable(324, tf.int32)
floating = tf.Variable(2.22, tf.float64)


rank1_tensor = tf.Variable(["this is a string"], tf.string)


rank2_tensor = tf.Variable([["This", "is", "nice"],[ "kinda", "tensor", "now"],["ghh", "ghfd","dsgfs"]], tf.string) #This has a shape of (3,3)


print(rank2_tensor.shape) #This has a shape of (3,3)

tensor_one = tf.ones([1,2,3]) #this creates a shape of 1 layer deep, 2 rows and 3 columns
print(tensor_one)

tensor_two = tf.reshape(tensor_one,[2,3,1]) #this reshapes the code above to be 2 layers deep, 3 rows, and 1 column
t= tf.zeros([5,5,5,5]) #This is a 4D tensor with 5 by 5 by 5 by 5 , 625 datapoints
print(t)

t = tf.reshape(t,[125, -1]) #This reshapes the tensor to output 625 of those datapoints, the -1 defaults to whats leftover, in this case 5 columns, 5 by 125 = 625
print(t)

output of code below
(3, 3)
tf.Tensor(
[[[1. 1. 1.]
  [1. 1. 1.]]], shape=(1, 2, 3), dtype=float32)
tf.Tensor(
[[[[0. 0. 0. 0. 0.]
   [0. 0. 0. 0. 0.]
   [0. 0. 0. 0. 0.]
   [0. 0. 0. 0. 0.]
   [0. 0. 0. 0. 0.]]

  [[0. 0. 0. 0. 0.]
   [0. 0. 0. 0. 0.]
   [0. 0. 0. 0. 0.]
   [0. 0. 0. 0. 0.]
   [0. 0. 0. 0. 0.]]

  [[0. 0. 0. 0. 0.]
   [0. 0. 0. 0. 0.]
   [0. 0. 0. 0. 0.]
   [0. 0. 0. 0. 0.]
   [0. 0. 0. 0. 0.]]

  [[0. 0. 0. 0. 0.]
   [0. 0. 0. 0. 0.]
   [0. 0. 0. 0. 0.]
   [0. 0. 0. 0. 0.]
   [0. 0. 0. 0. 0.]]

  [[0. 0. 0. 0. 0.]
   [0. 0. 0. 0. 0.]
   [0. 0. 0. 0. 0.]
   [0. 0. 0. 0. 0.]
   [0. 0. 0. 0. 0.]]]


 [[[0. 0. 0. 0. 0.]
   [0. 0. 0. 0. 0.]
   [0. 0. 0. 0. 0.]
   [0. 0. 0. 0. 0.]
   [0. 0. 0. 0. 0.]]

  [[0. 0. 0. 0. 0.]
   [0. 0. 0. 0. 0.]
   [0. 0. 0. 0. 0.]
   [0. 0. 0. 0. 0.]
   [0. 0. 0. 0. 0.]]

  [[0. 0. 0. 0. 0.]
   [0. 0. 0. 0. 0.]
   [0. 0. 0. 0. 0.]
   [0. 0. 0. 0. 0.]
   [0. 0. 0. 0. 0.]]

  [[0. 0. 0. 0. 0.]
   [0. 0. 0. 0. 0.]
   [0. 0. 0. 0. 0.]
   [0. 0. 0. 0. 0.]
   [0. 0. 0. 0. 0.]]

  [[0. 0. 0. 0. 0.]
   [0. 0. 0. 0. 0.]
   [0. 0. 0. 0. 0.]
   [0. 0. 0. 0. 0.]
   [0. 0. 0. 0. 0.]]]


 [[[0. 0. 0. 0. 0.]
   [0. 0. 0. 0. 0.]
   [0. 0. 0. 0. 0.]
   [0. 0. 0. 0. 0.]
   [0. 0. 0. 0. 0.]]

  [[0. 0. 0. 0. 0.]
   [0. 0. 0. 0. 0.]
   [0. 0. 0. 0. 0.]
   [0. 0. 0. 0. 0.]
   [0. 0. 0. 0. 0.]]

  [[0. 0. 0. 0. 0.]
   [0. 0. 0. 0. 0.]
   [0. 0. 0. 0. 0.]
   [0. 0. 0. 0. 0.]
   [0. 0. 0. 0. 0.]]

  [[0. 0. 0. 0. 0.]
   [0. 0. 0. 0. 0.]
   [0. 0. 0. 0. 0.]
   [0. 0. 0. 0. 0.]
   [0. 0. 0. 0. 0.]]

  [[0. 0. 0. 0. 0.]
   [0. 0. 0. 0. 0.]
   [0. 0. 0. 0. 0.]
   [0. 0. 0. 0. 0.]
   [0. 0. 0. 0. 0.]]]


 [[[0. 0. 0. 0. 0.]
   [0. 0. 0. 0. 0.]
   [0. 0. 0. 0. 0.]
   [0. 0. 0. 0. 0.]
   [0. 0. 0. 0. 0.]]

  [[0. 0. 0. 0. 0.]
   [0. 0. 0. 0. 0.]
   [0. 0. 0. 0. 0.]
   [0. 0. 0. 0. 0.]
   [0. 0. 0. 0. 0.]]

  [[0. 0. 0. 0. 0.]
   [0. 0. 0. 0. 0.]
   [0. 0. 0. 0. 0.]
   [0. 0. 0. 0. 0.]
   [0. 0. 0. 0. 0.]]

  [[0. 0. 0. 0. 0.]
   [0. 0. 0. 0. 0.]
   [0. 0. 0. 0. 0.]
   [0. 0. 0. 0. 0.]
   [0. 0. 0. 0. 0.]]

  [[0. 0. 0. 0. 0.]
   [0. 0. 0. 0. 0.]
   [0. 0. 0. 0. 0.]
   [0. 0. 0. 0. 0.]
   [0. 0. 0. 0. 0.]]]


 [[[0. 0. 0. 0. 0.]
   [0. 0. 0. 0. 0.]
   [0. 0. 0. 0. 0.]
   [0. 0. 0. 0. 0.]
   [0. 0. 0. 0. 0.]]

  [[0. 0. 0. 0. 0.]
   [0. 0. 0. 0. 0.]
   [0. 0. 0. 0. 0.]
   [0. 0. 0. 0. 0.]
   [0. 0. 0. 0. 0.]]

  [[0. 0. 0. 0. 0.]
   [0. 0. 0. 0. 0.]
   [0. 0. 0. 0. 0.]
   [0. 0. 0. 0. 0.]
   [0. 0. 0. 0. 0.]]

  [[0. 0. 0. 0. 0.]
   [0. 0. 0. 0. 0.]
   [0. 0. 0. 0. 0.]
   [0. 0. 0. 0. 0.]
   [0. 0. 0. 0. 0.]]

  [[0. 0. 0. 0. 0.]
   [0. 0. 0. 0. 0.]
   [0. 0. 0. 0. 0.]
   [0. 0. 0. 0. 0.]
   [0. 0. 0. 0. 0.]]]], shape=(5, 5, 5, 5), dtype=float32)
tf.Tensor(
[[0. 0. 0. 0. 0.]
 [0. 0. 0. 0. 0.]
 [0. 0. 0. 0. 0.]
 [0. 0. 0. 0. 0.]
 [0. 0. 0. 0. 0.]
 [0. 0. 0. 0. 0.]
 [0. 0. 0. 0. 0.]
 [0. 0. 0. 0. 0.]
 [0. 0. 0. 0. 0.]
 [0. 0. 0. 0. 0.]
 [0. 0. 0. 0. 0.]
 [0. 0. 0. 0. 0.]
 [0. 0. 0. 0. 0.]
 [0. 0. 0. 0. 0.]
 [0. 0. 0. 0. 0.]
 [0. 0. 0. 0. 0.]
 [0. 0. 0. 0. 0.]
 [0. 0. 0. 0. 0.]
 [0. 0. 0. 0. 0.]
 [0. 0. 0. 0. 0.]
 [0. 0. 0. 0. 0.]
 [0. 0. 0. 0. 0.]
 [0. 0. 0. 0. 0.]
 [0. 0. 0. 0. 0.]
 [0. 0. 0. 0. 0.]
 [0. 0. 0. 0. 0.]
 [0. 0. 0. 0. 0.]
 [0. 0. 0. 0. 0.]
 [0. 0. 0. 0. 0.]
 [0. 0. 0. 0. 0.]
 [0. 0. 0. 0. 0.]
 [0. 0. 0. 0. 0.]
 [0. 0. 0. 0. 0.]
 [0. 0. 0. 0. 0.]
 [0. 0. 0. 0. 0.]
 [0. 0. 0. 0. 0.]
 [0. 0. 0. 0. 0.]
 [0. 0. 0. 0. 0.]
 [0. 0. 0. 0. 0.]
 [0. 0. 0. 0. 0.]
 [0. 0. 0. 0. 0.]
 [0. 0. 0. 0. 0.]
 [0. 0. 0. 0. 0.]
 [0. 0. 0. 0. 0.]
 [0. 0. 0. 0. 0.]
 [0. 0. 0. 0. 0.]
 [0. 0. 0. 0. 0.]
 [0. 0. 0. 0. 0.]
 [0. 0. 0. 0. 0.]
 [0. 0. 0. 0. 0.]
 [0. 0. 0. 0. 0.]
 [0. 0. 0. 0. 0.]
 [0. 0. 0. 0. 0.]
 [0. 0. 0. 0. 0.]
 [0. 0. 0. 0. 0.]
 [0. 0. 0. 0. 0.]
 [0. 0. 0. 0. 0.]
 [0. 0. 0. 0. 0.]
 [0. 0. 0. 0. 0.]
 [0. 0. 0. 0. 0.]
 [0. 0. 0. 0. 0.]
 [0. 0. 0. 0. 0.]
 [0. 0. 0. 0. 0.]
 [0. 0. 0. 0. 0.]
 [0. 0. 0. 0. 0.]
 [0. 0. 0. 0. 0.]
 [0. 0. 0. 0. 0.]
 [0. 0. 0. 0. 0.]
 [0. 0. 0. 0. 0.]
 [0. 0. 0. 0. 0.]
 [0. 0. 0. 0. 0.]
 [0. 0. 0. 0. 0.]
 [0. 0. 0. 0. 0.]
 [0. 0. 0. 0. 0.]
 [0. 0. 0. 0. 0.]
 [0. 0. 0. 0. 0.]
 [0. 0. 0. 0. 0.]
 [0. 0. 0. 0. 0.]
 [0. 0. 0. 0. 0.]
 [0. 0. 0. 0. 0.]
 [0. 0. 0. 0. 0.]
 [0. 0. 0. 0. 0.]
 [0. 0. 0. 0. 0.]
 [0. 0. 0. 0. 0.]
 [0. 0. 0. 0. 0.]
 [0. 0. 0. 0. 0.]
 [0. 0. 0. 0. 0.]
 [0. 0. 0. 0. 0.]
 [0. 0. 0. 0. 0.]
 [0. 0. 0. 0. 0.]
 [0. 0. 0. 0. 0.]
 [0. 0. 0. 0. 0.]
 [0. 0. 0. 0. 0.]
 [0. 0. 0. 0. 0.]
 [0. 0. 0. 0. 0.]
 [0. 0. 0. 0. 0.]
 [0. 0. 0. 0. 0.]
 [0. 0. 0. 0. 0.]
 [0. 0. 0. 0. 0.]
 [0. 0. 0. 0. 0.]
 [0. 0. 0. 0. 0.]
 [0. 0. 0. 0. 0.]
 [0. 0. 0. 0. 0.]
 [0. 0. 0. 0. 0.]
 [0. 0. 0. 0. 0.]
 [0. 0. 0. 0. 0.]
 [0. 0. 0. 0. 0.]
 [0. 0. 0. 0. 0.]
 [0. 0. 0. 0. 0.]
 [0. 0. 0. 0. 0.]
 [0. 0. 0. 0. 0.]
 [0. 0. 0. 0. 0.]
 [0. 0. 0. 0. 0.]
 [0. 0. 0. 0. 0.]
 [0. 0. 0. 0. 0.]
 [0. 0. 0. 0. 0.]
 [0. 0. 0. 0. 0.]
 [0. 0. 0. 0. 0.]
 [0. 0. 0. 0. 0.]
 [0. 0. 0. 0. 0.]
 [0. 0. 0. 0. 0.]
 [0. 0. 0. 0. 0.]
 [0. 0. 0. 0. 0.]
 [0. 0. 0. 0. 0.]
 [0. 0. 0. 0. 0.]], shape=(125, 5), dtype=float32)
